"Assault Rifle"
.2, .7, .2, .7, 
35, 75, 55, 105,
5, 2, 5, 2,
200, 250, 200, 250,
5, 0, 5, 0,
1, 1, 2, 2, 4, 1
.1, .55, .1, .55,
2, 3.2, 2.2, 3.5,

(.01, .01, .01), (1,2,2), (), (2.5, 2.5, 2.5), (), (.2, .2, .2), (.025, .025, .025), ()
1, 1, 1, 1, 1, 1
"Lead - Burst Fire", "Lead - Single Fire", "Uranium - Burst Fire", "Uranium - Single Fire", "AP - Single Fire", "BT - Single Fire"
.10
0
30
3
1, 1, 1, 1
.1, .2, .1, .2
.1, .3, .1, .3
"Pistol"
0.1, 0.1,
8,28, 
2,4,
100,120,
0,0,
0,1,
0.1,0.5,
1.1,1.5,

(.01, .001), (1,3), (1,1), (1,1), (), (.01,.01), (0.1,0.5), (0.1,0.1)
"Lead Single","Uranium Single"
0
0
9
.5
1,1
.05, .05
.05, .05
"Shotgun"
.8,.8,.8,.8
55,80,100,120
10,10,10,10
40,50,40,50
0,0,0,4
0,1,0,0
0.3,0.3,0.5,0.3
1.3,1.5,1.6,1.3
45,35,25,45
(.01,.01,.01,.01), (3,5,3,5), (1,1,1,1), (1,1,1,1), (), (.01,.01,0,0), (0.1,0.3,0.1,0.1), (0.1,0.1,.01,0.1),()
"Lead Single","Uranium Single", "Ballistic Single","Explosive Single"
1
0.15
5
2
1,1,1
.1, .1, .1, .1
.1, .1, .1, .1
"Sniper"
1.2, 3.5, 1.2, 3.5, 1.2, 3.5, 1.2, 3.5


"Lead - Quick Fire", "Lead - Aim", 

"Claws"
.7, .7
300, 600
50, 50
3, 3
0, 0
0, 1
0, .1
0, 2

(.05, .05), (25, 25), (.5, .5), (), (), (.2, .3), (0, .02), (0, .1)
"Zombie Claw", "Monster Claw"
5
0
0
0
0,0
.25, .3
.25, .2

